     #Energy        1_pz        2_pz      114_pz       42_pz       33_pz      113_pz 1&2&114&42&
    -1.00001     0.01639     0.06870     0.08868     0.04129     0.02453     0.14690     0.38649
    -0.98701     0.01575     0.06681     0.09076     0.03578     0.02390     0.16010     0.39310
    -0.97401     0.01474     0.06207     0.09584     0.03103     0.02294     0.17890     0.40552
    -0.96001     0.01371     0.05624     0.10270     0.02797     0.02195     0.19800     0.42057
    -0.94701     0.01283     0.05070     0.10730     0.02608     0.02072     0.20870     0.42633
    -0.93401     0.01200     0.04572     0.10660     0.02436     0.01889     0.20640     0.41397
    -0.92101     0.01104     0.04115     0.10090     0.02246     0.01647     0.19400     0.38602
    -0.90801     0.00999     0.03712     0.09334     0.02075     0.01397     0.17870     0.35387
    -0.89501     0.00909     0.03405     0.08689     0.01968     0.01194     0.16600     0.32765
    -0.88201     0.00851     0.03208     0.08247     0.01917     0.01057     0.15680     0.30960
    -0.86801     0.00818     0.03051     0.07876     0.01867     0.00968     0.14870     0.29450
    -0.85501     0.00785     0.02834     0.07381     0.01767     0.00888     0.13870     0.27526
    -0.84201     0.00734     0.02540     0.06692     0.01616     0.00802     0.12620     0.25004
    -0.82901     0.00685     0.02323     0.05928     0.01481     0.00735     0.11350     0.22501
    -0.81601     0.00703     0.02522     0.05307     0.01471     0.00746     0.10430     0.21179
    -0.80301     0.00884     0.03598     0.05045     0.01704     0.00906     0.10160     0.22297
    -0.78901     0.01315     0.05966     0.05316     0.02253     0.01259     0.10670     0.26779
    -0.77601     0.01999     0.09615     0.06179     0.03072     0.01782     0.11930     0.34577
    -0.76301     0.02781     0.13720     0.07459     0.03935     0.02349     0.13710     0.43954
    -0.75001     0.03355     0.16700     0.08711     0.04494     0.02751     0.15550     0.51561
    -0.73701     0.03432     0.17090     0.09428     0.04466     0.02802     0.16900     0.54118
    -0.72401     0.02947     0.14590     0.09370     0.03830     0.02467     0.17410     0.50614
    -0.71001     0.02117     0.10330     0.08720     0.02847     0.01893     0.17100     0.43007
    -0.69701     0.01276     0.06062     0.07890     0.01875     0.01304     0.16290     0.34697
    -0.68401     0.00656     0.02943     0.07189     0.01148     0.00852     0.15290     0.28078
    -0.67101     0.00298     0.01187     0.06645     0.00702     0.00568     0.14180     0.23581
    -0.65801     0.00130     0.00403     0.06075     0.00456     0.00404     0.12790     0.20257
    -0.64501     0.00059     0.00118     0.05273     0.00312     0.00298     0.10900     0.16961
    -0.63201     0.00029     0.00032     0.04182     0.00213     0.00214     0.08513     0.13183
    -0.61801     0.00015     0.00009     0.02939     0.00135     0.00141     0.05911     0.09149
    -0.60501     0.00007     0.00002     0.01789     0.00077     0.00082     0.03566     0.05523
    -0.59201     0.00003     0.00001     0.00927     0.00038     0.00041     0.01835     0.02844
    -0.57901     0.00001     0.00000     0.00404     0.00016     0.00017     0.00796     0.01234
    -0.56601     0.00000     0.00000     0.00146     0.00006     0.00006     0.00288     0.00446
    -0.55301     0.00000     0.00000     0.00044     0.00002     0.00002     0.00086     0.00134
    -0.53901     0.00000     0.00000     0.00011     0.00000     0.00000     0.00021     0.00033
    -0.52601     0.00000     0.00000     0.00002     0.00000     0.00000     0.00004     0.00007
    -0.51301     0.00000     0.00000     0.00000     0.00000     0.00000     0.00001     0.00001
    -0.50001     0.00000     0.00000     0.00000     0.00000     0.00000     0.00000     0.00000
    -0.48701     0.00000     0.00000     0.00000     0.00000     0.00000     0.00000     0.00000
    -0.47401     0.00000     0.00000     0.00000     0.00000     0.00000     0.00000     0.00000
    -0.46101     0.00000     0.00000     0.00000     0.00000     0.00000     0.00000     0.00000
    -0.44701     0.00000     0.00000     0.00000     0.00000     0.00000     0.00000     0.00000
    -0.43401     0.00000     0.00000     0.00000     0.00000     0.00000     0.00000     0.00000
    -0.42101     0.00000     0.00000     0.00000     0.00000     0.00000     0.00000     0.00000
    -0.40801     0.00000     0.00000     0.00000     0.00000     0.00000     0.00000     0.00000
    -0.39501     0.00000     0.00000     0.00000     0.00000     0.00000     0.00000     0.00000
    -0.38201     0.00000     0.00000     0.00000     0.00000     0.00000     0.00000     0.00000
    -0.36801     0.00000     0.00000     0.00000     0.00000     0.00000     0.00000     0.00000
    -0.35501     0.00000     0.00000     0.00000     0.00000     0.00000     0.00000     0.00000
    -0.34201     0.00000     0.00000     0.00000     0.00000     0.00000     0.00000     0.00000
    -0.32901     0.00000     0.00001     0.00000     0.00000     0.00000     0.00000     0.00002
    -0.31601     0.00003     0.00013     0.00004     0.00001     0.00001     0.00001     0.00023
    -0.30301     0.00022     0.00098     0.00029     0.00006     0.00005     0.00006     0.00167
    -0.28901     0.00130     0.00586     0.00170     0.00038     0.00032     0.00036     0.00992
    -0.27601     0.00628     0.02818     0.00820     0.00185     0.00153     0.00171     0.04775
    -0.26301     0.02443     0.10960     0.03192     0.00720     0.00595     0.00665     0.18575
    -0.25001     0.07688     0.34500     0.10040     0.02265     0.01872     0.02092     0.58457
    -0.23701     0.19570     0.87810     0.25560     0.05763     0.04765     0.05324     1.48792
    -0.22401     0.40280     1.80800     0.52630     0.11860     0.09808     0.10960     3.06338
    -0.21101     0.67080     3.01100     0.87650     0.19760     0.16330     0.18260     5.10180
    -0.19701     0.90380     4.05600     1.18100     0.26620     0.22000     0.24600     6.87300
    -0.18401     0.98510     4.42100     1.28700     0.29010     0.23980     0.26820     7.49120
    -0.17101     0.86870     3.89900     1.13500     0.25580     0.21140     0.23650     6.60640
    -0.15801     0.61970     2.78100     0.80990     0.18250     0.15080     0.16870     4.71260
    -0.14501     0.35770     1.60500     0.46740     0.10530     0.08703     0.09740     2.71983
    -0.13201     0.16700     0.74960     0.21830     0.04918     0.04063     0.04548     1.27019
    -0.11801     0.06308     0.28310     0.08244     0.01857     0.01534     0.01718     0.47971
    -0.10501     0.01927     0.08650     0.02519     0.00567     0.00469     0.00525     0.14657
    -0.09201     0.00476     0.02138     0.00622     0.00140     0.00116     0.00130     0.03623
    -0.07901     0.00095     0.00427     0.00124     0.00028     0.00023     0.00026     0.00724
    -0.06601     0.00015     0.00069     0.00020     0.00005     0.00004     0.00004     0.00117
    -0.05301     0.00002     0.00009     0.00003     0.00001     0.00000     0.00001     0.00015
    -0.03901     0.00000     0.00001     0.00000     0.00000     0.00000     0.00000     0.00002
    -0.02601     0.00000     0.00000     0.00000     0.00000     0.00000     0.00000     0.00000
    -0.01301     0.00000     0.00000     0.00000     0.00000     0.00000     0.00000     0.00000
    -0.00001     0.00000     0.00000     0.00000     0.00000     0.00000     0.00000     0.00000
     0.01299     0.00000     0.00000     0.00000     0.00000     0.00000     0.00000     0.00000
     0.02599     0.00000     0.00000     0.00000     0.00000     0.00000     0.00000     0.00000
     0.03899     0.00000     0.00000     0.00000     0.00000     0.00000     0.00000     0.00000
     0.05299     0.00000     0.00000     0.00000     0.00000     0.00000     0.00000     0.00000
     0.06599     0.00000     0.00000     0.00000     0.00000     0.00000     0.00000     0.00000
     0.07899     0.00000     0.00000     0.00000     0.00000     0.00000     0.00000     0.00000
     0.09199     0.00000     0.00000     0.00000     0.00000     0.00000     0.00000     0.00000
     0.10499     0.00000     0.00000     0.00000     0.00000     0.00000     0.00000     0.00000
     0.11799     0.00000     0.00000     0.00000     0.00000     0.00000     0.00000     0.00000
     0.13199     0.00000     0.00000     0.00000     0.00000     0.00000     0.00000     0.00000
     0.14499     0.00000     0.00000     0.00000     0.00000     0.00000     0.00000     0.00000
     0.15799     0.00000     0.00000     0.00000     0.00000     0.00000     0.00000     0.00000
     0.17099     0.00000     0.00000     0.00000     0.00000     0.00000     0.00000     0.00000
     0.18399     0.00000     0.00000     0.00000     0.00000     0.00000     0.00000     0.00000
     0.19699     0.00000     0.00000     0.00000     0.00000     0.00000     0.00000     0.00000
     0.21099     0.00000     0.00000     0.00000     0.00000     0.00000     0.00000     0.00000
     0.22399     0.00000     0.00000     0.00000     0.00000     0.00000     0.00000     0.00000
     0.23699     0.00000     0.00000     0.00000     0.00000     0.00000     0.00000     0.00000
     0.24999     0.00000     0.00000     0.00000     0.00000     0.00000     0.00000     0.00000
     0.26299     0.00000     0.00000     0.00000     0.00000     0.00000     0.00000     0.00000
     0.27599     0.00000     0.00000     0.00000     0.00000     0.00000     0.00000     0.00000
     0.28899     0.00000     0.00000     0.00000     0.00000     0.00000     0.00000     0.00000
     0.30299     0.00000     0.00000     0.00000     0.00000     0.00000     0.00000     0.00000
     0.31599     0.00000     0.00000     0.00000     0.00000     0.00000     0.00000     0.00000
     0.32899     0.00000     0.00000     0.00000     0.00000     0.00000     0.00000     0.00000
     0.34199     0.00000     0.00000     0.00000     0.00000     0.00000     0.00000     0.00000
     0.35499     0.00000     0.00000     0.00000     0.00000     0.00000     0.00000     0.00000
     0.36799     0.00000     0.00000     0.00000     0.00000     0.00000     0.00000     0.00000
     0.38199     0.00000     0.00000     0.00000     0.00000     0.00000     0.00000     0.00000
     0.39499     0.00000     0.00000     0.00000     0.00000     0.00000     0.00000     0.00000
     0.40799     0.00000     0.00000     0.00000     0.00000     0.00000     0.00000     0.00000
     0.42099     0.00000     0.00000     0.00000     0.00000     0.00000     0.00000     0.00000
     0.43399     0.00000     0.00000     0.00000     0.00000     0.00000     0.00000     0.00000
     0.44699     0.00000     0.00000     0.00000     0.00000     0.00000     0.00000     0.00000
     0.45999     0.00000     0.00000     0.00000     0.00000     0.00000     0.00000     0.00000
     0.47399     0.00000     0.00000     0.00000     0.00000     0.00000     0.00000     0.00000
     0.48699     0.00000     0.00000     0.00000     0.00000     0.00000     0.00000     0.00000
     0.49999     0.00000     0.00000     0.00000     0.00000     0.00000     0.00000     0.00000
     0.51299     0.00000     0.00000     0.00000     0.00000     0.00000     0.00000     0.00000
     0.52599     0.00000     0.00000     0.00000     0.00000     0.00000     0.00000     0.00000
     0.53899     0.00000     0.00000     0.00000     0.00000     0.00000     0.00000     0.00000
     0.55299     0.00000     0.00000     0.00000     0.00000     0.00000     0.00000     0.00000
     0.56599     0.00000     0.00000     0.00000     0.00000     0.00000     0.00000     0.00000
     0.57899     0.00000     0.00000     0.00000     0.00000     0.00000     0.00000     0.00000
     0.59199     0.00000     0.00000     0.00000     0.00000     0.00000     0.00000     0.00000
     0.60499     0.00000     0.00000     0.00000     0.00000     0.00000     0.00000     0.00000
     0.61799     0.00000     0.00000     0.00000     0.00000     0.00000     0.00000     0.00000
     0.63199     0.00000     0.00000     0.00000     0.00000     0.00000     0.00000     0.00000
     0.64499     0.00000     0.00000     0.00000     0.00000     0.00000     0.00000     0.00000
     0.65799     0.00000     0.00000     0.00000     0.00000     0.00000     0.00000     0.00000
     0.67099     0.00000     0.00000     0.00000     0.00000     0.00000     0.00000     0.00000
     0.68399     0.00000     0.00000     0.00000     0.00000     0.00000     0.00000     0.00000
     0.69699     0.00000     0.00000     0.00000     0.00000     0.00000     0.00000     0.00000
     0.70999     0.00000     0.00000     0.00000     0.00000     0.00000     0.00000     0.00000
     0.72399     0.00000     0.00000     0.00000     0.00000     0.00000     0.00000     0.00000
     0.73699     0.00000     0.00000     0.00000     0.00000     0.00000     0.00000     0.00000
     0.74999     0.00000     0.00000     0.00000     0.00000     0.00000     0.00000     0.00000
     0.76299     0.00000     0.00000     0.00000     0.00000     0.00000     0.00000     0.00000
     0.77599     0.00000     0.00000     0.00000     0.00000     0.00000     0.00000     0.00000
     0.78899     0.00000     0.00000     0.00000     0.00000     0.00000     0.00000     0.00000
     0.80299     0.00000     0.00000     0.00000     0.00000     0.00000     0.00000     0.00000
     0.81599     0.00000     0.00000     0.00000     0.00000     0.00000     0.00000     0.00000
     0.82899     0.00000     0.00000     0.00000     0.00000     0.00000     0.00000     0.00000
     0.84199     0.00000     0.00000     0.00000     0.00000     0.00000     0.00000     0.00000
     0.85499     0.00000     0.00000     0.00000     0.00000     0.00000     0.00000     0.00000
     0.86799     0.00000     0.00000     0.00000     0.00000     0.00000     0.00000     0.00000
     0.88199     0.00000     0.00000     0.00000     0.00000     0.00000     0.00000     0.00000
     0.89499     0.00000     0.00000     0.00000     0.00000     0.00000     0.00000     0.00000
     0.90799     0.00000     0.00000     0.00000     0.00000     0.00000     0.00000     0.00000
     0.92099     0.00000     0.00000     0.00000     0.00000     0.00000     0.00000     0.00000
     0.93399     0.00000     0.00000     0.00000     0.00000     0.00000     0.00000     0.00000
     0.94699     0.00000     0.00000     0.00000     0.00000     0.00000     0.00000     0.00000
     0.95999     0.00000     0.00000     0.00000     0.00000     0.00000     0.00000     0.00000
     0.97399     0.00000     0.00000     0.00000     0.00000     0.00000     0.00000     0.00000
     0.98699     0.00000     0.00000     0.00000     0.00000     0.00000     0.00000     0.00000
     0.99999     0.00000     0.00000     0.00000     0.00000     0.00000     0.00000     0.00000
     1.01299     0.00000     0.00000     0.00000     0.00000     0.00000     0.00000     0.00000
     1.02599     0.00000     0.00000     0.00000     0.00000     0.00000     0.00000     0.00000
     1.03899     0.00000     0.00000     0.00000     0.00000     0.00000     0.00000     0.00000
     1.05299     0.00000     0.00000     0.00000     0.00000     0.00000     0.00000     0.00000
     1.06599     0.00000     0.00000     0.00000     0.00000     0.00000     0.00000     0.00000
     1.07899     0.00000     0.00000     0.00000     0.00000     0.00000     0.00000     0.00000
     1.09199     0.00000     0.00000     0.00000     0.00000     0.00000     0.00000     0.00000
     1.10499     0.00000     0.00000     0.00000     0.00000     0.00000     0.00000     0.00000
     1.11799     0.00000     0.00000     0.00000     0.00000     0.00000     0.00000     0.00000
     1.13199     0.00000     0.00000     0.00000     0.00000     0.00000     0.00000     0.00000
     1.14499     0.00000     0.00000     0.00000     0.00000     0.00000     0.00000     0.00000
     1.15799     0.00000     0.00000     0.00000     0.00000     0.00000     0.00000     0.00000
     1.17099     0.00000     0.00000     0.00000     0.00000     0.00000     0.00000     0.00000
     1.18399     0.00000     0.00000     0.00000     0.00000     0.00000     0.00000     0.00000
     1.19699     0.00000     0.00000     0.00000     0.00000     0.00000     0.00000     0.00000
     1.20999     0.00000     0.00000     0.00000     0.00000     0.00000     0.00000     0.00000
     1.22399     0.00000     0.00000     0.00000     0.00000     0.00000     0.00000     0.00000
     1.23699     0.00000     0.00000     0.00000     0.00000     0.00000     0.00000     0.00000
     1.24999     0.00000     0.00000     0.00000     0.00000     0.00000     0.00000     0.00000
     1.26299     0.00000     0.00000     0.00000     0.00000     0.00000     0.00000     0.00000
     1.27599     0.00000     0.00000     0.00000     0.00000     0.00000     0.00000     0.00000
     1.28899     0.00000     0.00000     0.00000     0.00000     0.00000     0.00000     0.00000
     1.30299     0.00000     0.00000     0.00000     0.00000     0.00000     0.00000     0.00000
     1.31599     0.00000     0.00000     0.00000     0.00000     0.00000     0.00000     0.00000
     1.32899     0.00000     0.00000     0.00000     0.00000     0.00000     0.00000     0.00000
     1.34199     0.00000     0.00000     0.00000     0.00000     0.00000     0.00000     0.00000
     1.35499     0.00000     0.00000     0.00000     0.00000     0.00000     0.00000     0.00000
     1.36799     0.00000     0.00000     0.00000     0.00000     0.00000     0.00000     0.00000
     1.38099     0.00000     0.00000     0.00000     0.00000     0.00000     0.00000     0.00000
     1.39499     0.00000     0.00000     0.00000     0.00000     0.00000     0.00000     0.00000
     1.40799     0.00000     0.00000     0.00000     0.00000     0.00000     0.00000     0.00000
     1.42099     0.00000     0.00000     0.00000     0.00000     0.00000     0.00000     0.00000
     1.43399     0.00000     0.00000     0.00000     0.00000     0.00000     0.00000     0.00000
     1.44699     0.00000     0.00000     0.00000     0.00000     0.00000     0.00000     0.00000
     1.45999     0.00000     0.00000     0.00000     0.00000     0.00000     0.00000     0.00000
     1.47399     0.00000     0.00000     0.00000     0.00000     0.00000     0.00000     0.00000
     1.48699     0.00000     0.00000     0.00000     0.00000     0.00000     0.00000     0.00000
     1.49999     0.00000     0.00000     0.00000     0.00000     0.00000     0.00000     0.00000
     1.51299     0.00000     0.00000     0.00000     0.00000     0.00000     0.00000     0.00000
     1.52599     0.00000     0.00000     0.00000     0.00000     0.00000     0.00000     0.00000
     1.53899     0.00000     0.00000     0.00000     0.00000     0.00000     0.00000     0.00000
     1.55299     0.00000     0.00000     0.00000     0.00000     0.00000     0.00000     0.00000
     1.56599     0.00000     0.00000     0.00000     0.00000     0.00000     0.00000     0.00000
     1.57899     0.00000     0.00000     0.00000     0.00000     0.00000     0.00000     0.00000
     1.59199     0.00000     0.00000     0.00000     0.00000     0.00000     0.00000     0.00000
     1.60499     0.00000     0.00000     0.00000     0.00000     0.00000     0.00000     0.00000
     1.61799     0.00000     0.00000     0.00000     0.00000     0.00000     0.00000     0.00000
     1.63099     0.00000     0.00000     0.00000     0.00000     0.00000     0.00000     0.00000
     1.64499     0.00000     0.00000     0.00000     0.00000     0.00000     0.00000     0.00000
     1.65799     0.00000     0.00000     0.00000     0.00000     0.00000     0.00000     0.00000
     1.67099     0.00000     0.00000     0.00000     0.00000     0.00000     0.00000     0.00000
     1.68399     0.00000     0.00000     0.00000     0.00000     0.00000     0.00000     0.00000
     1.69699     0.00000     0.00000     0.00000     0.00000     0.00000     0.00000     0.00000
     1.70999     0.00000     0.00000     0.00000     0.00000     0.00000     0.00000     0.00000
     1.72399     0.00000     0.00000     0.00000     0.00000     0.00000     0.00000     0.00000
     1.73699     0.00000     0.00000     0.00000     0.00000     0.00000     0.00000     0.00000
     1.74999     0.00000     0.00000     0.00000     0.00000     0.00000     0.00000     0.00000
     1.76299     0.00000     0.00000     0.00000     0.00000     0.00000     0.00000     0.00000
     1.77599     0.00000     0.00000     0.00000     0.00000     0.00000     0.00000     0.00000
     1.78899     0.00000     0.00000     0.00000     0.00000     0.00000     0.00000     0.00000
     1.80299     0.00000     0.00000     0.00000     0.00000     0.00000     0.00000     0.00000
     1.81599     0.00000     0.00000     0.00000     0.00000     0.00000     0.00000     0.00000
     1.82899     0.00000     0.00000     0.00000     0.00000     0.00000     0.00000     0.00000
     1.84199     0.00000     0.00000     0.00000     0.00000     0.00000     0.00000     0.00000
     1.85499     0.00000     0.00000     0.00000     0.00000     0.00000     0.00000     0.00000
     1.86799     0.00000     0.00000     0.00000     0.00000     0.00000     0.00000     0.00000
     1.88099     0.00000     0.00000     0.00000     0.00000     0.00000     0.00000     0.00000
     1.89499     0.00000     0.00000     0.00000     0.00000     0.00000     0.00000     0.00000
     1.90799     0.00000     0.00000     0.00000     0.00000     0.00000     0.00000     0.00000
     1.92099     0.00000     0.00000     0.00000     0.00000     0.00000     0.00000     0.00000
     1.93399     0.00000     0.00000     0.00000     0.00000     0.00000     0.00000     0.00000
     1.94699     0.00000     0.00000     0.00000     0.00000     0.00000     0.00000     0.00000
     1.95999     0.00000     0.00000     0.00000     0.00000     0.00000     0.00000     0.00000
     1.97399     0.00000     0.00000     0.00000     0.00000     0.00000     0.00000     0.00000
     1.98699     0.00000     0.00000     0.00000     0.00000     0.00000     0.00000     0.00000
     1.99999     0.00000     0.00000     0.00000     0.00000     0.00000     0.00000     0.00000
     2.01299     0.00000     0.00000     0.00000     0.00000     0.00000     0.00000     0.00000
     2.02599     0.00000     0.00000     0.00000     0.00000     0.00000     0.00000     0.00000
     2.03899     0.00000     0.00000     0.00000     0.00000     0.00000     0.00000     0.00000
     2.05299     0.00000     0.00000     0.00000     0.00000     0.00000     0.00000     0.00000
     2.06599     0.00000     0.00000     0.00000     0.00000     0.00000     0.00000     0.00000
     2.07899     0.00000     0.00000     0.00000     0.00000     0.00000     0.00000     0.00000
     2.09199     0.00000     0.00000     0.00000     0.00000     0.00000     0.00000     0.00000
     2.10499     0.00000     0.00000     0.00000     0.00000     0.00000     0.00000     0.00000
     2.11799     0.00000     0.00000     0.00000     0.00000     0.00000     0.00000     0.00000
     2.13099     0.00000     0.00000     0.00000     0.00000     0.00000     0.00000     0.00000
     2.14499     0.00000     0.00000     0.00000     0.00000     0.00000     0.00000     0.00000
     2.15799     0.00000     0.00000     0.00000     0.00000     0.00000     0.00000     0.00000
     2.17099     0.00000     0.00000     0.00000     0.00000     0.00000     0.00000     0.00000
     2.18399     0.00000     0.00000     0.00000     0.00000     0.00000     0.00000     0.00000
     2.19699     0.00000     0.00000     0.00000     0.00000     0.00000     0.00000     0.00000
     2.20999     0.00000     0.00000     0.00000     0.00000     0.00000     0.00000     0.00000
     2.22399     0.00000     0.00000     0.00000     0.00000     0.00000     0.00000     0.00000
     2.23699     0.00000     0.00000     0.00000     0.00000     0.00000     0.00000     0.00000
     2.24999     0.00000     0.00000     0.00000     0.00000     0.00000     0.00000     0.00000
     2.26299     0.00000     0.00000     0.00000     0.00000     0.00000     0.00000     0.00000
     2.27599     0.00000     0.00000     0.00000     0.00000     0.00000     0.00000     0.00000
     2.28899     0.00000     0.00000     0.00000     0.00000     0.00000     0.00000     0.00000
     2.30199     0.00000     0.00000     0.00000     0.00000     0.00000     0.00000     0.00000
     2.31599     0.00000     0.00000     0.00000     0.00000     0.00000     0.00000     0.00000
     2.32899     0.00000     0.00000     0.00000     0.00000     0.00000     0.00000     0.00000
     2.34199     0.00000     0.00000     0.00000     0.00000     0.00000     0.00000     0.00000
     2.35499     0.00000     0.00000     0.00000     0.00000     0.00000     0.00000     0.00000
     2.36799     0.00000     0.00000     0.00000     0.00000     0.00000     0.00000     0.00000
     2.38099     0.00000     0.00000     0.00000     0.00000     0.00000     0.00000     0.00000
     2.39499     0.00000     0.00000     0.00000     0.00000     0.00000     0.00000     0.00000
     2.40799     0.00000     0.00000     0.00000     0.00000     0.00000     0.00000     0.00000
     2.42099     0.00000     0.00000     0.00000     0.00000     0.00000     0.00000     0.00000
     2.43399     0.00000     0.00000     0.00000     0.00000     0.00000     0.00000     0.00000
     2.44699     0.00000     0.00000     0.00000     0.00000     0.00000     0.00000     0.00000
     2.45999     0.00000     0.00000     0.00000     0.00000     0.00000     0.00000     0.00000
     2.47399     0.00000     0.00000     0.00000     0.00000     0.00000     0.00000     0.00000
     2.48699     0.00000     0.00000     0.00000     0.00000     0.00000     0.00000     0.00000
     2.49999     0.00000     0.00000     0.00000     0.00000     0.00000     0.00000     0.00000
     2.51299     0.00000     0.00000     0.00000     0.00000     0.00000     0.00000     0.00000
     2.52599     0.00000     0.00000     0.00000     0.00000     0.00000     0.00000     0.00000
     2.53899     0.00000     0.00000     0.00000     0.00000     0.00000     0.00000     0.00000
     2.55199     0.00000     0.00000     0.00000     0.00000     0.00000     0.00000     0.00000
     2.56599     0.00000     0.00000     0.00000     0.00000     0.00000     0.00000     0.00000
     2.57899     0.00000     0.00000     0.00000     0.00000     0.00000     0.00000     0.00000
     2.59199     0.00000     0.00000     0.00000     0.00000     0.00000     0.00000     0.00000
     2.60499     0.00000     0.00000     0.00000     0.00000     0.00000     0.00000     0.00000
     2.61799     0.00000     0.00000     0.00000     0.00000     0.00000     0.00000     0.00000
     2.63099     0.00000     0.00000     0.00000     0.00000     0.00000     0.00000     0.00000
     2.64499     0.00000     0.00000     0.00000     0.00000     0.00000     0.00000     0.00000
     2.65799     0.00000     0.00000     0.00000     0.00000     0.00000     0.00000     0.00000
     2.67099     0.00000     0.00000     0.00000     0.00000     0.00000     0.00000     0.00000
     2.68399     0.00000     0.00000     0.00000     0.00000     0.00000     0.00000     0.00000
     2.69699     0.00000     0.00000     0.00000     0.00000     0.00000     0.00000     0.00000
     2.70999     0.00000     0.00000     0.00000     0.00000     0.00000     0.00000     0.00000
     2.72399     0.00000     0.00000     0.00000     0.00000     0.00000     0.00000     0.00000
     2.73699     0.00000     0.00000     0.00000     0.00000     0.00000     0.00000     0.00000
     2.74999     0.00000     0.00000     0.00000     0.00000     0.00000     0.00000     0.00000
     2.76299     0.00000     0.00000     0.00000     0.00000     0.00000     0.00000     0.00000
     2.77599     0.00000     0.00000     0.00000     0.00000     0.00000     0.00000     0.00000
     2.78899     0.00000     0.00000     0.00000     0.00000     0.00000     0.00000     0.00000
     2.80199     0.00000     0.00000     0.00000     0.00000     0.00000     0.00000     0.00000
     2.81599     0.00000     0.00000     0.00000     0.00000     0.00000     0.00000     0.00000
     2.82899     0.00000     0.00000     0.00000     0.00000     0.00000     0.00000     0.00000
     2.84199     0.00000     0.00000     0.00000     0.00000     0.00000     0.00000     0.00000
     2.85499     0.00000     0.00000     0.00000     0.00000     0.00000     0.00000     0.00000
     2.86799     0.00000     0.00000     0.00000     0.00000     0.00000     0.00000     0.00000
     2.88099     0.00000     0.00000     0.00000     0.00000     0.00000     0.00000     0.00000
     2.89499     0.00000     0.00000     0.00000     0.00000     0.00000     0.00000     0.00000
     2.90799     0.00000     0.00000     0.00000     0.00000     0.00000     0.00000     0.00000
     2.92099     0.00000     0.00000     0.00000     0.00000     0.00000     0.00000     0.00000
     2.93399     0.00000     0.00000     0.00000     0.00000     0.00000     0.00000     0.00000
     2.94699     0.00000     0.00000     0.00000     0.00000     0.00000     0.00000     0.00000
     2.95999     0.00000     0.00000     0.00000     0.00000     0.00000     0.00000     0.00000
     2.97399     0.00000     0.00000     0.00000     0.00000     0.00000     0.00000     0.00000
     2.98699     0.00000     0.00000     0.00000     0.00000     0.00000     0.00000     0.00000
     2.99999     0.00000     0.00000     0.00000     0.00000     0.00000     0.00000     0.00000
     3.01299     0.00000     0.00000     0.00000     0.00000     0.00000     0.00000     0.00000
     3.02599     0.00000     0.00000     0.00000     0.00000     0.00000     0.00000     0.00000
     3.03899     0.00000     0.00000     0.00000     0.00000     0.00000     0.00000     0.00000
     3.05199     0.00000     0.00000     0.00000     0.00000     0.00000     0.00000     0.00000
     3.06599     0.00000     0.00000     0.00000     0.00000     0.00000     0.00000     0.00000
     3.07899     0.00000     0.00000     0.00000     0.00000     0.00000     0.00000     0.00000
     3.09199     0.00000     0.00000     0.00000     0.00000     0.00000     0.00000     0.00000
     3.10499     0.00000     0.00000     0.00000     0.00000     0.00000     0.00000     0.00000
     3.11799     0.00000     0.00000     0.00000     0.00000     0.00000     0.00000     0.00000
     3.13099     0.00000     0.00000     0.00000     0.00000     0.00000     0.00000     0.00000
     3.14499     0.00000     0.00000     0.00000     0.00000     0.00000     0.00000     0.00000
     3.15799     0.00000     0.00000     0.00000     0.00000     0.00000     0.00000     0.00000
     3.17099     0.00000     0.00000     0.00000     0.00000     0.00000     0.00000     0.00000
     3.18399     0.00000     0.00000     0.00000     0.00000     0.00000     0.00000     0.00000
     3.19699     0.00000     0.00000     0.00000     0.00000     0.00000     0.00000     0.00000
     3.20999     0.00000     0.00000     0.00000     0.00000     0.00000     0.00000     0.00000
     3.22299     0.00000     0.00000     0.00000     0.00000     0.00000     0.00000     0.00000
     3.23699     0.00001     0.00000     0.00000     0.00000     0.00000     0.00000     0.00002
     3.24999     0.00013     0.00002     0.00001     0.00002     0.00001     0.00001     0.00020
     3.26299     0.00097     0.00013     0.00006     0.00019     0.00005     0.00007     0.00147
     3.27599     0.00587     0.00078     0.00038     0.00113     0.00030     0.00045     0.00891
     3.28899     0.02877     0.00384     0.00184     0.00554     0.00146     0.00223     0.04369
     3.30199     0.11410     0.01522     0.00731     0.02195     0.00581     0.00885     0.17324
     3.31599     0.36560     0.04880     0.02344     0.07036     0.01861     0.02835     0.55516
     3.32899     0.94740     0.12650     0.06073     0.18230     0.04823     0.07347     1.43863
     3.34199     1.98500     0.26490     0.12720     0.38200     0.10100     0.15390     3.01400
     3.35499     3.36200     0.44870     0.21550     0.64700     0.17120     0.26070     5.10510
     3.36799     4.60500     0.61460     0.29520     0.88620     0.23440     0.35710     6.99250
     3.38099     5.10000     0.68070     0.32690     0.98140     0.25960     0.39550     7.74410
     3.39499     4.56800     0.60960     0.29280     0.87890     0.23250     0.35420     6.93600
     3.40799     3.30800     0.44150     0.21200     0.63650     0.16840     0.25650     5.02290
     3.42099     1.93700     0.25850     0.12410     0.37270     0.09859     0.15020     2.94109
     3.43399     0.91690     0.12240     0.05877     0.17640     0.04668     0.07111     1.39226
     3.44699     0.35100     0.04684     0.02250     0.06753     0.01787     0.02722     0.53296
     3.45999     0.10860     0.01450     0.00696     0.02090     0.00553     0.00842     0.16491
     3.47299     0.02717     0.00363     0.00174     0.00523     0.00138     0.00211     0.04125
     3.48699     0.00549     0.00073     0.00035     0.00106     0.00028     0.00043     0.00834
     3.49999     0.00090     0.00012     0.00006     0.00017     0.00005     0.00007     0.00136
     3.51299     0.00012     0.00002     0.00001     0.00002     0.00001     0.00001     0.00018
     3.52599     0.00001     0.00000     0.00000     0.00000     0.00000     0.00000     0.00002
     3.53899     0.00000     0.00000     0.00000     0.00000     0.00000     0.00000     0.00000
     3.55199     0.00000     0.00000     0.00000     0.00000     0.00000     0.00000     0.00000
     3.56599     0.00000     0.00000     0.00000     0.00000     0.00000     0.00000     0.00000
     3.57899     0.00000     0.00000     0.00000     0.00000     0.00000     0.00000     0.00000
     3.59199     0.00000     0.00000     0.00000     0.00000     0.00000     0.00000     0.00000
     3.60499     0.00000     0.00000     0.00000     0.00000     0.00000     0.00000     0.00000
     3.61799     0.00000     0.00000     0.00000     0.00000     0.00000     0.00000     0.00000
     3.63099     0.00000     0.00000     0.00000     0.00000     0.00000     0.00000     0.00000
     3.64499     0.00000     0.00000     0.00000     0.00000     0.00000     0.00000     0.00000
     3.65799     0.00000     0.00000     0.00000     0.00000     0.00000     0.00000     0.00000
     3.67099     0.00000     0.00000     0.00000     0.00000     0.00000     0.00000     0.00000
     3.68399     0.00000     0.00000     0.00000     0.00000     0.00000     0.00000     0.00000
     3.69699     0.00000     0.00000     0.00000     0.00000     0.00000     0.00000     0.00000
     3.70999     0.00000     0.00000     0.00000     0.00000     0.00000     0.00000     0.00000
     3.72299     0.00000     0.00000     0.00000     0.00000     0.00000     0.00000     0.00000
     3.73699     0.00000     0.00000     0.00000     0.00000     0.00000     0.00000     0.00000
     3.74999     0.00000     0.00000     0.00000     0.00000     0.00000     0.00000     0.00000
     3.76299     0.00000     0.00000     0.00000     0.00000     0.00000     0.00000     0.00000
     3.77599     0.00000     0.00000     0.00000     0.00000     0.00000     0.00000     0.00000
     3.78899     0.00000     0.00000     0.00000     0.00000     0.00000     0.00000     0.00000
     3.80199     0.00000     0.00000     0.00000     0.00000     0.00000     0.00000     0.00000
     3.81599     0.00000     0.00000     0.00000     0.00000     0.00000     0.00000     0.00000
     3.82899     0.00000     0.00000     0.00000     0.00000     0.00000     0.00000     0.00000
     3.84199     0.00000     0.00000     0.00000     0.00000     0.00000     0.00000     0.00000
     3.85499     0.00000     0.00000     0.00000     0.00000     0.00000     0.00000     0.00000
     3.86799     0.00000     0.00000     0.00000     0.00000     0.00000     0.00000     0.00000
     3.88099     0.00000     0.00000     0.00000     0.00000     0.00000     0.00000     0.00000
     3.89499     0.00000     0.00000     0.00000     0.00000     0.00000     0.00000     0.00000
     3.90799     0.00000     0.00000     0.00000     0.00000     0.00000     0.00000     0.00000
     3.92099     0.00000     0.00000     0.00000     0.00000     0.00002     0.00000     0.00003
     3.93399     0.00000     0.00000     0.00002     0.00003     0.00014     0.00001     0.00018
     3.94699     0.00000     0.00000     0.00007     0.00012     0.00063     0.00002     0.00085
     3.95999     0.00001     0.00000     0.00029     0.00047     0.00238     0.00010     0.00325
     3.97299     0.00005     0.00001     0.00098     0.00145     0.00755     0.00032     0.01036
     3.98699     0.00023     0.00004     0.00282     0.00371     0.02002     0.00090     0.02772
     3.99999     0.00080     0.00011     0.00701     0.00799     0.04492     0.00221     0.06304
     4.01299     0.00235     0.00029     0.01514     0.01451     0.08606     0.00470     0.12306
     4.02599     0.00573     0.00064     0.02849     0.02247     0.14210     0.00878     0.20821
     4.03899     0.01162     0.00122     0.04649     0.02995     0.20370     0.01435     0.30733
     4.05199     0.01965     0.00201     0.06560     0.03475     0.25430     0.02048     0.39679
     4.06599     0.02788     0.00291     0.08018     0.03553     0.27810     0.02549     0.45009
     4.07899     0.03343     0.00380     0.08626     0.03280     0.27110     0.02780     0.45520
     4.09199     0.03422     0.00474     0.08529     0.02897     0.24740     0.02702     0.42764
     4.10499     0.03032     0.00597     0.08373     0.02753     0.23400     0.02426     0.40581
     4.11799     0.02372     0.00792     0.08800     0.03166     0.25730     0.02146     0.43006
     4.13099     0.01697     0.01099     0.09909     0.04334     0.33130     0.02034     0.52203
     4.14399     0.01179     0.01530     0.11170     0.06343     0.45160     0.02187     0.67569
     4.15799     0.00872     0.02050     0.11850     0.09228     0.59500     0.02611     0.86111
     4.17099     0.00747     0.02572     0.11620     0.12930     0.72510     0.03232     1.03611
     4.18399     0.00754     0.02974     0.10700     0.17080     0.80430     0.03903     1.15841
     4.19699     0.00870     0.03152     0.09516     0.20790     0.80900     0.04451     1.19679
     4.20999     0.01116     0.03080     0.08375     0.22980     0.73980     0.04757     1.14288
     4.22299     0.01541     0.02825     0.07372     0.23050     0.62180     0.04799     1.01767
     4.23699     0.02156     0.02497     0.06575     0.21300     0.49300     0.04640     0.86468
     4.24999     0.02874     0.02198     0.06082     0.18600     0.38730     0.04389     0.72873
